100 6
10100 194
20100 312
30100 453
40100 609
50100 753
60100 926
70100 1034
80100 1219
90100 1337
100100 1483
110100 1632
120100 1770
130100 2023
140100 2204
150100 2427
160100 2666
170100 2884
180100 2812
190100 2963
200100 3362
210100 3785
220100 3517
230100 3540
240100 3695
250100 3967
260100 3959
270100 4159
280100 4318
290100 4597
300100 4509
310100 4703
320100 4837
330100 4988
340100 5168
350100 5113
360100 5736
370100 5712
380100 5842
390100 5811
400100 5955
410100 6295
420100 6758
430100 7162
440100 7371
450100 7102
460100 7105
470100 7233
480100 7323
490100 7408
500100 7470
510100 7598
520100 7706
530100 7854
540100 7952
550100 8123
560100 8253
570100 8380
580100 8514
590100 8685
600100 8686
610100 8925
620100 9080
630100 9212
640100 9319
650100 9549
660100 9576
670100 9688
680100 9822
690100 9982
700100 10068
710100 10225
720100 10404
730100 10522
740100 10673
750100 11034
760100 11092
770100 11216
780100 11346
790100 11556
800100 11791
810100 11756
820100 11858
830100 11999
840100 12065
850100 12554
860100 12733
870100 12867
880100 13216
890100 13198
900100 13392
910100 13574
920100 13716
930100 13777
940100 14022
950100 14068
960100 14206
970100 14412
980100 14535
990100 14689