100 22
10100 46
20100 56
30100 52
40100 51
50100 59
60100 58
70100 58
80100 59
90100 59
100100 56
110100 63
120100 62
130100 63
140100 65
150100 59
160100 61
170100 56
180100 54
190100 55
200100 66
210100 58
220100 53
230100 66
240100 53
250100 53
260100 64
270100 65
280100 67
290100 68
300100 69
310100 69
320100 61
330100 68
340100 63
350100 69
360100 68
370100 65
380100 69
390100 68
400100 64
410100 68
420100 65
430100 65
440100 65
450100 66
460100 72
470100 70
480100 68
490100 72
500100 62
510100 64
520100 65
530100 69
540100 69
550100 65
560100 64
570100 69
580100 83
590100 68
600100 70
610100 65
620100 67
630100 70
640100 69
650100 65
660100 60
670100 69
680100 67
690100 72
700100 74
710100 72
720100 71
730100 73
740100 71
750100 64
760100 69
770100 72
780100 67
790100 65
800100 68
810100 65
820100 75
830100 68
840100 75
850100 72
860100 65
870100 71
880100 75
890100 65
900100 66
910100 74
920100 67
930100 69
940100 70
950100 73
960100 65
970100 65
980100 79
990100 66