100 0
10100 40
20100 38
30100 87
40100 67
50100 86
60100 103
70100 111
80100 124
90100 136
100100 152
110100 231
120100 182
130100 197
140100 216
150100 231
160100 256
170100 293
180100 289
190100 342
200100 340
210100 538
220100 348
230100 370
240100 362
250100 372
260100 391
270100 408
280100 426
290100 432
300100 444
310100 466
320100 482
330100 486
340100 501
350100 515
360100 531
370100 596
380100 571
390100 583
400100 622
410100 622
420100 645
430100 679
440100 702
450100 733
460100 775
470100 709
480100 725
490100 733
500100 742
510100 759
520100 776
530100 784
540100 799
550100 815
560100 832
570100 844
580100 858
590100 874
600100 886
610100 919
620100 946
630100 965
640100 971
650100 974
660100 992
670100 993
680100 1017
690100 1035
700100 1041
710100 1058
720100 1073
730100 1089
740100 1121
750100 1140
760100 1154
770100 1169
780100 1187
790100 1201
800100 1221
810100 1204
820100 1213
830100 1248
840100 1244
850100 1266
860100 1321
870100 1307
880100 1313
890100 1331
900100 1347
910100 1382
920100 1366
930100 1363
940100 1385
950100 1431
960100 1473
970100 1478
980100 1487
990100 1473